particle_id,particle_type,process,vx,vy,vz,vt,px,py,pz,m,q
0,0,0,0,-326.44790649414062,-126.30070495605469,0,1,0,-4.3711388286737929e-08,0,-1
