particle_id,particle_type,process,vx,vy,vz,vt,px,py,pz,m,q
0,0,0,0,-120.64855194091797,-105.92810821533203,0,1,0,-4.3711388286737929e-08,0,-1
