particle_id,particle_type,process,vx,vy,vz,vt,px,py,pz,m,q
0,0,0,0,214.57464599609375,-244.35476684570312,0,1,0,-4.3711388286737929e-08,0,-1
